0.5681616140341078, -0.40274119220905547, -0.2500655506995515
0.9989922145745038, -0.02851653481589437, 0.013409297265219155, 0.03196174601731689
0.7974439932056389, -0.43748409118126175, -0.2443259629086652
0.9961965475395496, -0.059518629380735204, 0.03923386321830382, 0.05010664031730866
0.5686358715227012, -0.3551675812417457, -0.25893919084420547
0.9980910984889041, -0.06018569180155758, -0.0023439649694773496, 0.013650913808341892
0.8047250504788628, -0.3629187735597911, -0.2516354221432035
0.995778396806392, -0.07503372623079681, 0.036454984616253495, 0.03829306044497367
0.717428244632526, -0.0419273660170897, -0.25708857406942365
0.9980680958106287, -0.060490100143100425, 0.012428612969645573, 0.006823011745125251
0.8156471826127519, -0.28812807545548796, -0.2540615342752611
0.9972847238096875, -0.06455735417337828, 0.03056028734529222, 0.017933112260329523
0.5764720506647634, -0.3073123460207638, -0.25695710774669567
0.9972698043367731, -0.06577431185026628, 0.01447129394475257, 0.030286282543136575
0.8243427322893615, -0.21453229633914964, -0.2540888476296819
0.9974587505599422, -0.05874892522423523, 0.002839847144545027, 0.040206218232908125

