-0.75088359566991, 1.5454856437945543, 0.9184709967463914
-0.15493205957642678, -1.8208351952199862, -0.7750437930791053, 2.0497818278118842
-0.8038059328519568, 0.6312330942148477, 0.7290243694425429
0.09625729443980971, -2.207781848964082, -0.9967040169285476, 2.7542625046482603
-0.6066894016086811, 1.6195002168100257, 0.9265243958827899
-0.2542573155920073, -1.9378012302962488, -0.6362185317754754, 2.1448886366607796
-0.7320923310183137, 0.5898156129419416, 0.7976700097004151
0.09203884727312482, -2.3159274945100035, -1.0346700414287116, 2.8604906742093252
-0.909267112019079, 1.1393642302018911, 1.4760730131427393
0.027611654181937447, -1.8469128686140381, -0.9898011033830633, 2.8792819388609217
-0.9936360553527768, 0.5046796792143011, 0.9299758526555321
0.1928980840765908, -2.0597527029331393, -1.1286263646866932, 2.9628838918006766
-1.0998642249138417, 1.5757817643552914, 1.331495323884539
0.1917475984856767, -1.3644759108240756, -1.118655489565438, 2.1621459205244906
-1.1899855962021098, 0.5238544390628688, 1.0787719890804173
0.2569417819708068, -1.8568837437352934, -1.1397477253988624, 3.046869339937403
